-2114723752
-2017604698
-1925447946
-1923947959
-1799049984
-1771626205
-1696788300
-1684388642
-1672525428
-1588032148
-1455796456
-1442080547
-1384383112
-1381668062
-1301175140
-1280934970
-1232025318
-1021419481
-1018450246
-967606704
-891084551
-853913440
-853560719
-850336228
-788919439
-650992062
-644372157
-634474049
-480755548
-335176931
-334862663
-55672824
34128092
55147251
141206406
163858552
231557032
473578525
478684494
554339639
582539317
616118736
622440945
659465733
677570979
709533100
732958641
753981802
802579715
873545914
913569863
967361104
1005375032
1011607744
1091714779
1187474294
1268387519
1343829901
1350070919
1365996973
1433795981
1502403129
1507443544
1516294079
1748450761
1757890701
1859129589
1975400054
2032015225
2058727397
