-1301175140
473578525
967361104
753981802
-1799049984
582539317
1365996973
1268387519
-1232025318
-850336228
-853913440
-644372157
-853560719
141206406
1343829901
-1381668062
55147251
1011607744
-1684388642
-335176931
659465733
1005375032
1502403129
732958641
1091714779
-650992062
1859129589
163858552
-55672824
-1455796456
1748450761
616118736
-2114723752
-1771626205
-1280934970
-1018450246
-1442080547
-1384383112
1350070919
802579715
913569863
-480755548
-2017604698
231557032
2032015225
709533100
-788919439
1187474294
1507443544
478684494
34128092
622440945
2058727397
1433795981
873545914
1975400054
1757890701
-1588032148
-1021419481
677570979
-634474049
-891084551
-1923947959
-1925447946
1516294079
-1672525428
554339639
-1696788300
-334862663
-967606704
